! n_layers
5
! layer_sizes
3 
2 3 5 2
! intercepts
-1.674873 0.231164 
-0.787284 1.370443 -1.958727 
-0.514242 -0.124344 -1.303472 -0.411698 -0.447313 
-0.141672 -0.115932 
! coefs
!! layer0
3.340751 -0.252863 3.523792 
0.613098 -1.743919 -1.285794 
!! layer1
2.517874 -5.804145 
-4.447397 0.971512 
-3.566626 7.515527 
!! layer2
1.298508 -4.004594 -0.369859 
-0.780171 -1.731122 -1.097381 
0.016008 -2.497530 -1.327061 
1.868607 0.698616 -3.846258 
0.323393 -3.084604 0.169368 
!! layer3
0.831153 0.628555 0.420372 -0.498368 0.528874 
0.147238 -0.287858 0.334875 1.263661 -0.810653 
! activations
logistic
! out_activations
identity
